unit: cm^{-1}, only max(dg)>1.000e-04 are saved; dg/dQ_alpha * Q_alpha 
mode:    8 freq=   12.8000 
 -2.4308993e-03  -3.6944117e-03   1.8978486e-03 
 -2.8236532e-03   1.5009815e-03   8.7550132e-05 
  1.0964913e-03   5.0411135e-04   3.4037204e-04 
mode:    9 freq=   26.3200 
 -3.9566771e-03   3.0895610e-03  -1.0062565e-03 
  3.6488368e-03  -4.3960673e-03   2.9140830e-04 
 -8.3191055e-04   4.6811977e-04  -1.6641678e-03 
mode:   10 freq=   42.4000 
  9.0222547e-05   1.9211627e-03   2.1654185e-04 
  1.9967005e-03  -2.2450232e-03  -1.0351169e-03 
  5.1065231e-04  -1.1273862e-03  -7.9560160e-04 
mode:   11 freq=   43.0900 
  2.4043630e-03  -1.0438852e-04  -1.4850702e-04 
 -4.0826498e-04  -2.1879410e-03  -8.3142286e-04 
  5.7820398e-05  -7.8612827e-04  -1.4532493e-03 
mode:   12 freq=   43.6400 
 -3.8677736e-03   1.2981312e-03  -7.5251596e-04 
  8.6040032e-04  -1.7217567e-03   3.4027809e-04 
 -5.0183792e-04   1.3644752e-04  -1.1176726e-03 
mode:   13 freq=   68.8400 
  5.3017347e-04   1.7844520e-03  -7.5590653e-04 
  1.5155600e-03  -2.8075429e-03  -4.6543302e-04 
 -7.7005410e-04  -6.2138432e-04  -1.1019174e-03 
mode:   14 freq=   76.0900 
  6.5438859e-04  -1.1310950e-03   2.5547274e-04 
 -1.4813975e-03   1.1610399e-03  -3.3797337e-04 
 -1.9393373e-04  -2.0636474e-04   1.2714533e-03 
mode:   15 freq=   76.6500 
  1.7819635e-04  -1.4687387e-03   7.6262198e-04 
 -1.1176615e-03   6.2288669e-04  -1.9593780e-04 
  1.1293259e-03  -2.5829802e-04  -5.8066031e-04 
mode:   16 freq=   76.9200 
 -2.6194052e-04   1.2627447e-03   1.0506969e-03 
  1.2732844e-03  -1.0349652e-04  -9.3548616e-04 
  7.5190342e-04  -7.3447124e-04   4.2142673e-04 
mode:   17 freq=   82.9200 
  6.6324348e-04   1.2911415e-03   8.8316430e-04 
  1.0243438e-03   6.1004120e-04  -7.1531231e-04 
  1.1593189e-03  -8.2941127e-04   8.7783395e-04 
mode:   18 freq=   83.5600 
 -2.1352636e-04   1.6171606e-03  -5.3287534e-04 
  1.3356971e-03  -1.0288524e-03   5.5129643e-04 
 -6.0561541e-05   2.2808603e-04  -1.5240236e-04 
mode:   19 freq=  103.4400 
 -1.8819918e-03  -9.7509350e-05  -4.8679657e-04 
 -8.4518879e-05  -4.1448107e-04  -1.0430544e-04 
 -7.8629873e-04  -2.3109931e-06  -2.5450180e-04 
mode:   20 freq=  134.8900 
  1.1064061e-04  -4.6565503e-05   3.1632190e-04 
 -2.8945809e-04   2.5035147e-04  -3.4680750e-04 
  4.3734494e-04  -4.3420435e-04  -7.5228112e-05 
mode:   21 freq=  143.8800 
 -1.4099819e-04   2.8190836e-04  -1.8048359e-03 
  5.3774833e-04  -1.2607942e-03   1.6036000e-04 
 -1.8289238e-03   1.9661071e-04   1.8626177e-04 
mode:   22 freq=  145.4100 
 -6.9778597e-04   8.0724436e-04   7.9252170e-04 
  8.5065260e-04   2.3458411e-04  -3.0931537e-04 
  7.8816979e-04  -3.5150152e-04   1.4915911e-04 
mode:   23 freq=  146.6000 
  5.1233004e-04  -5.5051859e-04   3.8797416e-04 
 -4.5950285e-04  -5.5535597e-04  -1.3395879e-04 
 -4.4284848e-05   5.3279668e-05  -2.8637702e-04 
mode:   24 freq=  147.7100 
 -6.6299750e-04   1.4622763e-03   5.1399680e-04 
  8.2026911e-04  -5.8361817e-04  -2.8580637e-04 
  4.9763674e-04  -3.8059123e-04   1.3626057e-04 
mode:   25 freq=  156.8000 
  2.3276047e-04  -8.8773688e-04   1.7789832e-04 
 -4.8141519e-04   1.4197481e-03  -9.3182863e-05 
  6.7222745e-04  -1.4092228e-04   3.0784347e-04 
mode:   26 freq=  178.5000 
  6.3200091e-04  -4.7735301e-04   8.5166630e-04 
 -2.8989322e-04   1.7737064e-04  -1.3536309e-04 
  7.0952354e-04  -8.3945864e-05  -7.9525182e-05 
mode:   27 freq=  181.7100 
  2.1296199e-03  -7.2431539e-04  -2.1341805e-04 
 -7.2525924e-04  -1.6818081e-04  -4.1309814e-05 
 -8.0803132e-04   2.4662139e-04   1.0545453e-04 
mode:   28 freq=  202.1400 
  1.5592586e-04   1.3608100e-03  -3.9119473e-04 
  1.4515381e-03  -1.1942232e-03  -1.4788943e-04 
 -4.7552939e-04  -1.0824720e-04  -2.4460840e-04 
mode:   29 freq=  215.8700 
  2.8848493e-04   2.9665409e-04   1.8598168e-04 
  1.4215887e-04  -7.9995016e-04  -2.2092176e-04 
  3.1705651e-04  -3.0307168e-04  -1.0154326e-03 
mode:   30 freq=  226.7300 
 -1.1069595e-04   9.2647110e-04   6.3093110e-04 
  8.5140793e-04  -9.4703725e-05  -6.2268314e-04 
  5.6966938e-04  -6.3516914e-04  -1.2723672e-04 
mode:   31 freq=  240.0700 
  2.9482124e-04  -5.1947446e-04  -4.1047368e-05 
 -3.2956166e-04   6.0626449e-05   1.1378428e-04 
 -6.9014862e-05   1.9076310e-04  -1.3253055e-04 
mode:   32 freq=  241.7500 
  1.2196442e-04  -3.2599232e-04   1.3218956e-03 
 -4.8941193e-04   1.4524069e-03  -4.7664468e-04 
  1.4573514e-03  -5.8076672e-04   3.7459490e-04 
mode:   33 freq=  243.9600 
  4.8607216e-04   1.6498332e-03   8.7150627e-04 
  1.3885851e-03  -6.7443830e-04  -7.6387699e-04 
  1.1833247e-03  -1.0307432e-03  -2.3062683e-04 
mode:   34 freq=  245.3100 
  7.5457054e-04  -9.5169051e-04   1.5862598e-03 
 -7.6312824e-04   2.0743734e-03  -4.0436430e-04 
  1.0769736e-03  -9.2331635e-05   5.1945833e-04 
mode:   35 freq=  245.7000 
 -1.3742195e-03  -4.4031472e-04  -1.6638256e-03 
 -4.1975910e-04  -1.3626779e-03   5.8046225e-04 
 -9.5746310e-04   2.9082145e-04  -6.9984096e-04 
mode:   36 freq=  252.0600 
 -1.8645436e-03   5.2386284e-04   5.3057424e-04 
  5.3214656e-04   5.0721168e-04  -3.7443785e-04 
  5.4715379e-04  -3.6970455e-04  -3.9306579e-04 
mode:   37 freq=  271.6800 
 -3.1958605e-04  -7.9459058e-04   3.6436621e-04 
 -6.5718300e-04   1.1078642e-03   3.1759850e-04 
  4.2900531e-04   3.3776884e-04   6.5691787e-04 
mode:   38 freq=  287.4400 
  8.4116873e-04   8.7217015e-04  -1.2362754e-03 
  7.0250961e-04  -1.7276457e-03   5.6464131e-05 
 -1.0583408e-03  -6.8142263e-05  -3.2610640e-04 
mode:   39 freq=  289.3700 
 -1.1123100e-03  -1.2100474e-04  -2.7469508e-04 
 -1.2468521e-04   3.2119334e-04   8.2400594e-05 
  2.6855637e-04  -1.5686306e-04  -7.3754509e-05 
mode:   40 freq=  296.5800 
 -5.0618353e-04  -1.6614378e-05   5.5534892e-06 
  1.2391090e-05   7.0496800e-05   2.8212380e-04 
 -2.1992796e-04   3.8999862e-04   2.5530391e-04 
mode:   41 freq=  305.9600 
  2.2177508e-04  -4.0990390e-04  -3.7180614e-06 
 -4.6461409e-04   1.1781707e-04   1.3897088e-04 
 -1.7280364e-04   1.8372043e-04  -3.9633332e-04 
mode:   42 freq=  306.4400 
 -1.7481773e-05  -1.1503138e-03   4.4266334e-04 
 -1.0526544e-03   9.4399599e-04  -1.3259014e-04 
  4.2991184e-04  -1.0896998e-04  -1.4300903e-04 
mode:   43 freq=  320.0600 
 -1.0163528e-03  -2.0131234e-04   3.2521275e-04 
 -9.5882048e-05  -1.1126766e-04   2.7728621e-04 
  2.6600740e-04   3.3446401e-04  -5.0649967e-04 
mode:   44 freq=  321.2500 
  7.8220596e-04  -1.1929910e-04   1.2186891e-03 
 -1.3154687e-04   1.2450525e-03  -2.8915278e-04 
  9.7474695e-04  -2.1583070e-04   1.3703967e-04 
mode:   45 freq=  342.5200 
 -1.1104719e-04  -1.8106439e-03   7.8099665e-04 
 -1.6904151e-03   1.7336439e-03  -2.2184394e-04 
  6.7578598e-04  -1.4705612e-04  -1.4916023e-04 
mode:   46 freq=  342.8500 
 -1.6799379e-03  -5.3384839e-04   1.3795773e-03 
 -5.9133894e-04   1.5561401e-03   2.2227446e-04 
  1.3636814e-03   2.3480872e-04   2.5442433e-04 
mode:   47 freq=  349.9400 
  1.9889488e-03   9.2725790e-04  -7.7101912e-04 
  1.1713193e-03  -2.2602094e-03  -1.4475346e-04 
 -1.0627682e-03  -2.9934200e-05  -1.2228436e-03 
mode:   48 freq=  352.6500 
  1.9874674e-03   3.5920757e-04   3.8665411e-04 
  3.3830761e-04  -2.4325906e-04  -2.4258192e-05 
  1.0397457e-04   6.1945989e-05   4.0042484e-04 
mode:   49 freq=  359.7400 
 -5.4803218e-04   7.9311736e-05   7.6161950e-04 
  2.2995251e-04   5.0296997e-04  -3.5901084e-04 
  6.7154545e-04  -3.1301944e-04  -1.5980446e-04 
mode:   50 freq=  375.2400 
  7.2099980e-04   8.4170308e-04  -6.5983046e-04 
  7.2496849e-04  -1.0033065e-03  -1.0535249e-05 
 -6.9922004e-04  -2.2566961e-05  -3.0892965e-04 
mode:   51 freq=  375.4200 
 -4.5919080e-04   3.1268093e-05   3.6045229e-04 
 -9.7014354e-05   2.1860891e-04   8.8878332e-05 
  3.8221644e-04   5.5266212e-05  -4.0044185e-04 
mode:   52 freq=  377.4800 
 -5.5494923e-04  -4.7640322e-04   9.4673675e-04 
 -3.2341767e-04   1.2684816e-03  -3.1876568e-04 
  8.8337528e-04  -2.9261385e-04   5.0899980e-04 
mode:   53 freq=  389.1300 
 -1.1941963e-03  -1.3053298e-03  -6.1943632e-04 
 -9.7159488e-04   1.2884761e-03   7.6007705e-04 
 -4.3627949e-04   7.7899879e-04   6.8723095e-04 
mode:   54 freq=  396.2800 
  8.3376587e-04  -4.5164865e-04  -2.4655553e-04 
 -4.3690525e-04   4.8870217e-04   1.2171264e-04 
 -3.5068751e-04   1.6957545e-04   4.6044494e-04 
mode:   55 freq=  396.8500 
 -1.7346684e-03  -5.8290505e-04  -8.2499117e-04 
 -5.3537022e-04   2.1083245e-05   5.6189909e-04 
 -9.0977803e-04   6.2867425e-04   1.2723020e-04 
mode:   56 freq=  397.3200 
 -1.6256735e-04   1.1150032e-04  -8.3014650e-04 
  4.2583385e-04  -6.4836458e-04   3.7504063e-04 
 -5.3772653e-04   3.1681269e-04  -1.2293615e-04 
mode:   57 freq=  405.3900 
  3.7786844e-03  -8.8679620e-04   5.0672801e-04 
 -5.4358963e-04   1.3389892e-03  -6.7587300e-04 
  3.8034877e-05  -4.0336102e-04   1.6293557e-03 
mode:   58 freq=  431.7000 
  3.6016641e-04  -1.1640775e-04   2.9941835e-03 
  4.9306264e-06   1.4106378e-03  -8.4537960e-04 
  2.8229881e-03  -6.8089754e-04   2.5179290e-04 
mode:   59 freq=  433.1300 
  1.1254768e-03   4.7098248e-04   1.2302947e-03 
  8.3167222e-04   4.6626752e-06  -4.2155151e-04 
  1.5576908e-03  -4.5681691e-04  -5.5927612e-05 
mode:   60 freq=  435.3200 
 -7.4621804e-05   2.3384963e-04   3.9300886e-04 
  3.1817922e-04  -1.7816541e-04  -2.1255016e-04 
  5.2487984e-04  -2.1593756e-04  -7.0116096e-05 
mode:   61 freq=  441.3600 
  1.4937138e-03   7.0757394e-04   1.6894819e-04 
  6.1888341e-04  -1.5162207e-03  -4.2360338e-04 
  7.3241999e-05  -3.8837423e-04  -5.6999505e-04 
mode:   62 freq=  468.0600 
  1.1209077e-04   5.7586435e-04   5.7756351e-04 
  6.0284888e-04   1.0362666e-04  -4.5437780e-04 
  5.6626248e-04  -4.5743621e-04   2.4071814e-04 
mode:   63 freq=  500.0900 
  1.1833005e-03  -7.3588216e-04   2.9702281e-04 
 -9.0765682e-04   1.3249134e-03  -6.0132696e-06 
  2.7012864e-04  -7.3568183e-05   7.1282635e-04 
mode:   64 freq=  500.1500 
  1.3318758e-03  -7.9553274e-04   1.6672007e-03 
 -7.7457769e-04   2.1623585e-03  -3.3853932e-04 
  1.6474432e-03  -3.0076599e-04   8.6553973e-04 
mode:   65 freq=  501.6800 
 -1.1524079e-03  -3.7168880e-04   6.1688102e-04 
 -2.6318083e-04   1.2023918e-03  -1.2970489e-04 
  6.2436677e-04  -1.1259576e-04   4.9837448e-04 
mode:   66 freq=  508.6200 
 -2.3281548e-04  -7.1171020e-04  -4.4243303e-04 
 -4.7750884e-04   3.3987895e-04   2.5058553e-04 
 -3.7328000e-04   2.8598361e-04   2.5239218e-04 
mode:   67 freq=  540.9700 
  2.8069065e-04  -4.6860120e-04  -6.0676025e-04 
 -5.1323909e-04   1.1802206e-04   3.0591740e-04 
 -4.3726898e-04   2.0952523e-04  -5.2856927e-05 
mode:   68 freq=  541.3800 
 -3.2294011e-04   4.0132376e-04  -4.9627057e-04 
  3.4972952e-04  -1.3722722e-03   1.4958559e-05 
 -6.0258232e-04   5.0583541e-05  -6.5060957e-04 
mode:   69 freq=  541.8200 
 -8.2011501e-04   1.1714144e-04   6.6054620e-04 
  2.8869113e-04   4.7477525e-04  -3.1958010e-04 
  7.2887126e-04  -2.4940059e-04   5.5613582e-04 
mode:   70 freq=  549.7900 
  1.7913548e-03   4.8291364e-04   2.4465146e-03 
  5.5556328e-04   1.1802488e-03  -1.4132208e-03 
  2.4610670e-03  -1.4774082e-03   3.6920679e-04 
mode:   71 freq=  551.5700 
  6.1715210e-04   9.9813347e-04   1.1863751e-03 
  9.9522291e-04  -1.0607811e-03  -9.7104863e-04 
  9.1581004e-04  -8.9122553e-04  -5.8999539e-04 
mode:   72 freq=  560.6700 
  4.8438286e-04   9.5679427e-05   4.6455328e-04 
  2.2890903e-04  -5.1624924e-04  -3.5022284e-04 
  5.1388970e-04  -3.4764709e-04  -3.3464009e-04 
mode:   73 freq=  561.7200 
  7.0404891e-04   3.1997105e-04  -9.1226717e-04 
  2.9703565e-04  -1.5385762e-03   1.0250305e-04 
 -6.9542655e-04   3.0507680e-08  -8.3634509e-04 
mode:   74 freq=  568.1500 
  7.9881251e-04  -3.0949289e-05   7.6000854e-04 
  1.3110243e-05   2.4561494e-04  -1.8510305e-04 
  8.1111500e-04  -1.6207217e-04  -9.0635507e-06 
mode:   75 freq=  571.8300 
  2.8255940e-04  -2.0834097e-04   3.5198471e-04 
 -1.4313954e-04  -4.5910516e-05  -2.8876876e-05 
  2.5702736e-04  -6.9269220e-06  -2.1316997e-04 
mode:   76 freq=  597.2400 
  6.2234808e-05   1.5542188e-04   1.5246044e-04 
  1.0642974e-04  -2.0697262e-05  -6.2000820e-05 
  7.5386923e-05  -5.9446633e-05   2.0981333e-04 
mode:   77 freq=  605.1100 
 -3.5348307e-05   1.5032461e-04  -6.5389079e-05 
  1.3720201e-04   5.1261882e-05  -8.7361724e-05 
 -7.4565954e-05  -4.3258769e-05   7.8331268e-05 
mode:   78 freq=  605.6900 
  5.0510655e-04  -2.4365683e-04  -9.9176150e-06 
 -2.5269661e-04   4.2400994e-05   2.2775146e-04 
 -5.0560203e-05   2.6217113e-04   1.3096439e-05 
mode:   79 freq=  620.3200 
 -2.6058801e-04   3.9239381e-04  -5.0223292e-05 
  2.2279673e-04  -3.7915243e-05  -3.5121518e-05 
  8.8958734e-06  -1.1964669e-04   1.1583327e-04 
mode:   80 freq=  647.1100 
  1.2108440e-04  -6.8880380e-06   9.3639119e-05 
 -7.9793047e-05   2.8637686e-05  -8.2524183e-05 
 -3.3087714e-05  -5.8756279e-05   1.4692000e-04 
mode:   81 freq=  667.2900 
 -5.0243366e-04   1.8063893e-04  -3.0213696e-06 
  1.5990385e-04   9.4240954e-05   1.7285474e-04 
 -7.9689679e-05   1.9714471e-04  -3.5217019e-06 
mode:   82 freq=  671.0700 
  4.8258831e-04   4.9160762e-05  -1.3105377e-05 
 -2.7609256e-05   2.4232861e-04  -1.5819009e-04 
  4.9459106e-05  -1.6582695e-04   4.1869238e-04 
mode:   83 freq=  676.6400 
 -2.9724595e-04  -2.9618087e-04   3.6057505e-04 
 -2.8246683e-04   8.5914358e-04   9.6926294e-05 
  3.2471685e-04   8.2603137e-05   5.9656269e-04 
mode:   84 freq=  682.9700 
 -4.4474609e-04   1.1378824e-04   1.8774863e-04 
  5.2726273e-05  -7.3743645e-05   1.9011468e-05 
  1.7602290e-05   9.0591833e-05  -7.6174013e-05 
mode:   85 freq=  689.0300 
 -1.0388025e-04   2.7884758e-04   3.3370448e-04 
  4.5032423e-04   4.4130696e-04  -2.1729912e-04 
  2.9119317e-04  -1.6070309e-04   7.2270207e-04 
mode:   86 freq=  700.2400 
  4.8447163e-04   1.8957091e-05   2.1664982e-04 
  1.3005347e-04  -3.6355328e-04  -1.4756604e-04 
  2.0210686e-05  -8.2487743e-05  -1.5626738e-04 
mode:   87 freq=  715.4500 
 -1.1270792e-04  -5.9726207e-04  -6.7017072e-04 
 -3.7997907e-04  -4.2400491e-04   1.7963352e-04 
 -4.2817597e-04   1.4791641e-04  -4.4719168e-04 
mode:   88 freq=  715.9500 
  7.8716990e-06  -5.3390347e-05   2.6369311e-04 
 -1.4109861e-04  -9.6158543e-04  -9.7247945e-05 
  1.5342731e-04  -1.0450194e-04  -8.6960370e-04 
mode:   89 freq=  725.2500 
 -2.5258688e-04  -1.9736147e-04  -1.3823095e-05 
 -2.8793640e-04  -4.9141240e-04   1.1036172e-04 
 -1.0287584e-04   1.3502073e-04  -6.0369073e-04 
mode:   90 freq=  732.8200 
  6.0819571e-04   9.5061153e-04   2.3101590e-04 
  7.9614693e-04  -8.8298327e-04  -2.8090400e-04 
  1.3890393e-04  -2.6363529e-04  -4.5716204e-04 
mode:   91 freq=  734.0600 
 -2.2319068e-04   6.1496218e-07   5.4159561e-04 
  1.3405509e-04  -5.6653367e-04  -3.1692584e-04 
  4.2770599e-04  -2.3819157e-04  -3.6251104e-04 
mode:   92 freq=  737.5500 
  9.3528332e-05  -3.0329759e-04   1.8621595e-04 
 -2.8541341e-04  -3.9642861e-04  -1.1589031e-04 
  5.3293373e-05  -6.4122966e-05  -6.0514799e-04 
mode:   93 freq=  741.2000 
 -4.4708264e-04  -6.0653083e-04  -5.8273222e-04 
 -3.3169915e-04   2.3870349e-04   3.6186009e-04 
 -2.8301553e-04   2.5455539e-04   3.8637390e-04 
mode:   94 freq=  742.5300 
  2.7436315e-04   5.0954547e-04   5.0347951e-04 
  3.7571976e-04  -1.1298159e-04  -2.7852054e-04 
  3.0899057e-04  -1.9934628e-04   8.0103589e-05 
mode:   95 freq=  748.2000 
  4.3393276e-04   3.6688137e-04   1.1142505e-04 
  2.5584082e-04   1.1986527e-04  -6.8908108e-05 
 -1.0555878e-04  -2.6949428e-06   4.4137576e-04 
mode:   96 freq=  752.4300 
 -3.9454124e-04   3.5003412e-04  -9.3793157e-05 
  1.1165348e-04  -8.0831569e-05   1.0416379e-04 
 -3.0143090e-05   2.0495469e-05  -2.9484739e-05 
mode:   97 freq=  757.7000 
 -8.6759045e-05  -1.3325839e-04  -4.4689498e-05 
 -1.5155523e-04  -1.7158125e-04   6.8201495e-05 
  1.6589471e-05   3.7195003e-05  -3.3140065e-04 
mode:   98 freq=  760.2000 
  2.1695057e-04   8.7095039e-05  -2.8554039e-04 
  4.7043364e-05   7.8589942e-05   2.8429589e-05 
 -2.7962293e-04   5.4345339e-05   4.1837428e-04 
mode:   99 freq=  764.1800 
 -5.4196699e-04   4.9484734e-05  -3.7538518e-04 
 -8.0571933e-05   2.8796231e-04   6.9292344e-05 
 -2.2434126e-04  -1.7227030e-05   5.6081770e-04 
mode:  100 freq=  767.1300 
 -1.0640042e-03   7.0319763e-04   2.8943168e-04 
  7.2593443e-04   6.9161354e-04  -5.0446827e-05 
  1.2364880e-04  -5.4390261e-06   8.8005087e-04 
mode:  101 freq=  769.0000 
  5.0072867e-04   2.7079471e-04   7.5509389e-04 
  2.6997809e-04  -6.6023571e-04  -3.9651122e-04 
  6.5425425e-04  -3.3813796e-04  -8.0779507e-04 
mode:  102 freq=  809.2000 
  6.6618884e-05  -3.2220178e-04   3.4192231e-04 
 -2.6277129e-04  -1.3767020e-04   1.2433455e-05 
  2.5141276e-04   6.4421600e-05  -4.3233973e-04 
mode:  103 freq=  812.8000 
 -7.3461988e-04   8.3429960e-04   9.0754103e-05 
  7.3843465e-04  -7.6228674e-04  -1.8544106e-04 
 -1.2820611e-05  -2.0526832e-04  -5.2341483e-04 
mode:  104 freq=  820.7200 
 -3.5481465e-04  -6.9518390e-04  -2.4729773e-04 
 -6.6316614e-04  -3.5709789e-04   2.2192270e-04 
 -2.2205212e-04   2.3148621e-04  -1.0965822e-03 
mode:  105 freq=  824.9700 
  1.1032324e-03  -2.8154457e-04   1.2835535e-04 
 -5.5613598e-05   9.3898092e-06   3.5076892e-07 
  1.4843418e-04   8.0376787e-05  -8.6069351e-05 
mode:  106 freq=  837.3900 
 -2.4281600e-03  -2.0910466e-04   3.5601701e-04 
 -2.8397792e-04  -1.2939007e-03  -2.1449812e-05 
  2.2334095e-04  -3.1507308e-05  -1.8412413e-03 
mode:  107 freq=  844.1100 
  1.7492139e-03   9.9678166e-04  -6.8431305e-04 
  8.6888241e-04   1.6652279e-04   2.4472709e-07 
 -5.7882752e-04  -7.9217241e-05   6.2264599e-04 
mode:  108 freq=  850.3700 
 -2.1011308e-04   6.7572807e-05   2.8444344e-04 
  1.4865526e-04   4.1825128e-04   3.4965477e-06 
  1.6016918e-04   5.2932622e-05   1.8686891e-04 
mode:  109 freq=  853.0800 
 -1.9827451e-04  -2.6062823e-04  -5.3825073e-04 
 -3.4324512e-04  -1.9325419e-04   2.0029933e-04 
 -5.0233923e-04   1.6347924e-04  -5.4845002e-04 
mode:  110 freq=  859.5000 
  3.7720431e-04   7.4297801e-04  -5.4844307e-04 
  7.6649565e-04   1.3144439e-03   1.7953607e-04 
 -4.3920990e-04   1.5143188e-04   1.8252833e-03 
mode:  111 freq=  862.4200 
  7.7756532e-04  -2.6275418e-04   2.5560363e-04 
 -1.9449187e-04   3.1054223e-04  -1.1703011e-04 
  6.6650440e-05  -2.2559035e-05   7.2090376e-05 
mode:  112 freq=  865.0400 
 -3.2269787e-04  -3.2008665e-05  -5.0761460e-04 
  2.9898292e-05   1.0721265e-03   2.9289532e-04 
 -4.4974574e-04   2.9193153e-04   1.0807334e-03 
mode:  113 freq=  867.5500 
  7.6100804e-04   7.1290139e-04  -3.0632449e-04 
  6.4520430e-04  -8.3540755e-04  -2.0585507e-04 
 -1.2544672e-04  -3.0166265e-04  -4.8425856e-04 
mode:  114 freq=  868.8300 
 -1.1961143e-04  -1.5295300e-04   2.9533692e-04 
 -3.1186064e-05  -3.0241927e-04  -2.6370463e-04 
  1.9437578e-04  -1.8132217e-04  -5.3325833e-04 
mode:  115 freq=  869.2400 
  7.6684990e-04   9.9961276e-05   2.5471985e-04 
  1.1852595e-04  -2.8613422e-04  -2.1134870e-04 
  2.0217126e-04  -1.7128337e-04  -1.3554045e-04 
mode:  116 freq=  874.7900 
 -5.0209367e-04  -4.1934960e-04  -2.0561780e-04 
 -5.1850042e-04  -5.3637458e-04   9.2951307e-05 
 -1.7251124e-04   6.3013342e-05  -9.6552050e-04 
mode:  117 freq= 1003.7900 
 -2.0541183e-04   1.3084277e-04   1.6761146e-04 
  3.5968027e-04  -4.5161375e-04  -3.5539108e-04 
  2.4955857e-04  -2.9667651e-04  -5.6071925e-04 
mode:  118 freq= 1031.1600 
  3.5942266e-04  -1.1777340e-03  -1.2088580e-04 
 -1.0639381e-03  -3.0721881e-04   1.9373868e-04 
 -1.2691689e-04   2.2618660e-04  -9.8314486e-04 
mode:  119 freq= 1032.3000 
  2.8123112e-04   1.5167205e-03   4.0696804e-04 
  1.1803811e-03  -5.7054335e-04  -4.7248789e-04 
  3.2256760e-04  -5.1955907e-04   3.8611159e-04 
mode:  120 freq= 1036.2800 
 -4.8267913e-04   6.6115861e-04  -7.0129895e-05 
  5.5371683e-04   1.3172295e-04  -4.7641358e-05 
 -1.3513640e-04  -5.3450072e-05   4.1147915e-04 
mode:  121 freq= 1071.3600 
 -8.0674975e-04  -4.0289533e-04   3.7369616e-04 
 -3.2057237e-04  -4.6411451e-04  -9.4882451e-05 
  3.0282218e-04  -3.9448262e-05  -7.7642140e-04 
mode:  122 freq= 1082.0800 
 -1.7217849e-04   4.1875154e-04  -2.3324243e-04 
  3.8431246e-04   1.0638246e-03   8.1679779e-05 
 -2.1902775e-04   7.6188006e-05   1.2624547e-03 
mode:  123 freq= 1083.6100 
 -1.7857752e-04  -4.2275472e-04  -4.1154859e-04 
 -3.3287678e-04  -5.6052585e-04   1.7691983e-04 
 -3.4547703e-04   1.8051235e-04  -2.3468209e-04 
mode:  124 freq= 1095.2100 
 -1.3673114e-04  -6.5663966e-04   4.5038992e-05 
 -7.6590020e-04  -6.5026900e-04   1.0826170e-04 
  2.6955362e-06   1.0271070e-04  -1.2009659e-03 
mode:  125 freq= 1106.2300 
 -7.1131146e-04  -2.9298547e-04   6.5774172e-05 
 -3.4300419e-04  -2.1617848e-04   1.8272503e-04 
  6.5845337e-05   1.7474795e-04  -4.5071411e-04 
mode:  126 freq= 1107.1500 
 -1.2441376e-04   2.6908624e-04   3.7686110e-04 
  2.3542437e-04   5.4853035e-04  -1.0442404e-04 
  2.9333049e-04  -7.4371266e-05   5.5174073e-04 
mode:  127 freq= 1110.6800 
  6.5789781e-04   2.4553190e-04  -3.4245201e-04 
  2.9780872e-04   4.9513739e-04   1.0335487e-04 
 -2.2916122e-04   6.3706885e-05   9.2566321e-04 
mode:  128 freq= 1122.5700 
 -6.0016608e-04   3.2673423e-04   1.9188611e-04 
  2.8480683e-04   5.2486926e-04   1.0081101e-04 
  1.9167570e-04   9.4642022e-05   8.1000251e-04 
mode:  129 freq= 1122.6100 
 -8.3946355e-04  -8.6455898e-04  -1.7589478e-04 
 -8.1257803e-04  -4.3183050e-04   2.5276322e-04 
 -2.5206699e-04   2.6021312e-04  -1.0467253e-03 
mode:  130 freq= 1147.7400 
 -3.7799911e-05  -1.1129527e-03  -1.0549810e-03 
 -1.0840156e-03  -1.3496217e-03   5.6216548e-04 
 -9.4659926e-04   5.2421144e-04  -1.5055831e-03 
mode:  131 freq= 1149.5500 
 -9.6854651e-04  -3.7697509e-04  -2.1381800e-04 
 -4.3163727e-04  -4.4032616e-04   3.5516417e-04 
 -2.1221743e-04   3.4762134e-04  -4.4268910e-04 
mode:  132 freq= 1150.7100 
 -4.5544343e-04  -1.2937201e-04   1.9334431e-04 
 -1.4079411e-04   1.1646245e-04   2.9406731e-05 
  2.0560979e-04   2.1168282e-05  -1.4428380e-04 
mode:  133 freq= 1155.5100 
  2.3103634e-04  -9.6164147e-05  -5.8651131e-04 
 -3.4479426e-05   5.1415238e-05   2.5406716e-04 
 -5.4604789e-04   2.4335493e-04   3.8476429e-04 
mode:  134 freq= 1161.6500 
 -6.5492262e-04  -2.6798702e-04   1.2027267e-04 
 -1.2006736e-04  -1.9764132e-04   6.6236192e-05 
  1.1165982e-04   9.8071779e-05  -2.0716067e-04 
mode:  135 freq= 1163.3500 
 -1.0601712e-04  -8.7345069e-04   4.9642788e-05 
 -7.4469580e-04  -4.9882728e-04   2.7617330e-05 
 -5.9872221e-05   9.3856896e-05  -1.1899380e-03 
mode:  136 freq= 1168.5600 
  2.4613372e-04  -6.3133811e-04  -6.0285083e-04 
 -8.3275300e-04  -8.8346608e-04   2.8355368e-04 
 -5.3273692e-04   2.1003692e-04  -1.0402496e-03 
mode:  137 freq= 1170.7300 
 -5.0501554e-04  -5.3816745e-04  -1.5769738e-04 
 -4.6990245e-04  -6.3184865e-04   1.5087873e-04 
 -3.9102168e-05   1.2490032e-04  -8.3306139e-04 
mode:  138 freq= 1172.5900 
  8.4263714e-04   1.6312789e-04   3.1573757e-04 
  1.1134088e-04   5.5738153e-04  -2.6483952e-04 
  2.9421525e-04  -2.6309050e-04   4.4762654e-04 
mode:  139 freq= 1177.5400 
  6.0417671e-04   3.5462244e-04   5.0647928e-05 
  1.8004088e-04   5.0278253e-04  -3.2582628e-05 
  1.0271786e-04  -9.6106380e-05   7.1820644e-04 
mode:  140 freq= 1181.0000 
 -1.0076877e-04   5.1975196e-04  -3.6436221e-05 
  6.5163761e-04   8.4010523e-04  -5.3147053e-06 
  9.8510312e-05  -2.0015786e-05   1.2132599e-03 
mode:  141 freq= 1192.2900 
  1.6116876e-04  -7.0739342e-04   9.1614866e-06 
 -7.4251263e-04  -6.5461726e-04  -1.3415337e-04 
  3.4375924e-05  -1.6013021e-04  -1.3000749e-03 
mode:  142 freq= 1233.5400 
 -1.9073949e-04  -1.0115694e-03  -5.1032896e-04 
 -1.0732826e-03  -1.4009318e-03   3.1917680e-04 
 -4.6124350e-04   2.6220553e-04  -1.7863470e-03 
mode:  143 freq= 1237.6200 
 -4.0166134e-04  -1.2765302e-04  -1.8886860e-04 
  3.9287191e-05  -1.1514186e-04   1.0745496e-04 
 -1.5176879e-04   1.2877039e-04  -5.5037245e-05 
mode:  144 freq= 1272.9400 
  6.3640617e-04   3.8171207e-04  -1.1462963e-04 
  1.0731045e-04   6.0460513e-05  -3.0329427e-05 
 -1.1073928e-04  -9.4927762e-05   4.0125609e-04 
mode:  145 freq= 1278.7100 
  1.9459464e-04   9.7884197e-05  -1.6133526e-05 
  5.8796492e-05   3.3137232e-04   1.5573119e-05 
 -7.2856409e-06   7.5130638e-06   3.5214459e-04 
mode:  146 freq= 1283.6200 
 -6.8844672e-04  -3.6010411e-04  -1.0791641e-04 
 -3.2765081e-04  -3.3991986e-04   1.7694880e-04 
 -8.3837355e-05   1.9207871e-04  -5.1301282e-04 
mode:  147 freq= 1285.9500 
  9.5843351e-07   2.0785178e-04  -1.5982850e-04 
  1.3054899e-04  -2.6015170e-04  -2.6077334e-05 
 -1.1390164e-04  -6.4421622e-05  -1.6186463e-04 
mode:  148 freq= 1304.7200 
 -1.1957115e-04   2.5156450e-04  -1.6513240e-04 
  1.7645128e-04   1.2171277e-04   3.5415573e-05 
 -1.3770732e-04   1.1124956e-05   1.5362799e-04 
mode:  149 freq= 1308.1500 
  2.8215137e-04  -1.5231406e-04   4.6215444e-04 
 -1.3832282e-04  -4.3211028e-04  -1.5345435e-04 
  3.4873870e-04  -1.1196141e-04  -3.8622227e-04 
mode:  150 freq= 1316.3500 
  4.1440024e-06   4.0556200e-05  -2.0023509e-04 
  9.2563142e-06  -1.2841258e-04   8.7456607e-05 
 -1.1812115e-04   4.5576663e-05   3.3945294e-05 
mode:  151 freq= 1321.3700 
 -1.3813853e-04  -1.7977532e-04   3.5202752e-04 
 -1.3363496e-04  -1.5732870e-04  -8.5821838e-05 
  3.0091679e-04  -5.2165096e-05  -1.1103190e-04 
mode:  152 freq= 1333.2200 
  4.2861987e-04   1.7522882e-04  -4.7711911e-04 
  1.0510024e-04  -1.3382856e-05   3.5901387e-05 
 -3.7771432e-04  -3.0639700e-05   2.5559684e-05 
mode:  153 freq= 1364.3200 
 -1.2182420e-04  -5.2192013e-05  -9.7176896e-05 
  3.6234309e-05   5.9761305e-05   1.1129886e-04 
 -2.1969849e-05   9.2401883e-05   1.9362573e-04 
mode:  154 freq= 1382.2800 
 -6.8706773e-04  -2.6809247e-04   2.1528249e-04 
 -8.9932562e-05   2.0459601e-04   7.3786430e-05 
  2.9394813e-04   7.6529755e-05   1.5501765e-05 
mode:  155 freq= 1388.6300 
 -3.1980012e-04  -4.8767207e-05   7.4868706e-05 
  3.0748610e-05   2.7725440e-04   6.2001356e-05 
  6.2441598e-05   6.6290990e-05   2.4406506e-04 
mode:  156 freq= 1411.6800 
  3.2936498e-04  -2.4189088e-04  -1.0336427e-04 
 -2.4010713e-04   4.8898715e-05   1.1673280e-04 
 -1.0455981e-04   1.1999342e-04   9.7736055e-05 
mode:  157 freq= 1420.1200 
 -2.0549994e-04   1.1097651e-04  -1.1814959e-04 
  1.1088922e-04  -1.4206945e-05   5.1979704e-05 
 -1.0320303e-04   4.5947042e-05   4.2905293e-05 
mode:  158 freq= 1423.4500 
  6.0422670e-04   1.0602425e-04   5.3240532e-05 
  3.9624919e-05  -1.1861472e-04  -2.1861664e-04 
  2.0733345e-05  -2.2704331e-04  -7.4363825e-05 
mode:  159 freq= 1433.0200 
 -3.0510214e-05   1.5751924e-04  -4.9159093e-06 
  1.6370966e-04  -1.8127354e-04   4.2131439e-05 
 -1.0875524e-04   8.6085205e-05   2.6693978e-05 
mode:  160 freq= 1440.5800 
  1.6545825e-05  -5.6027317e-05   6.8861639e-05 
 -3.4459345e-05  -5.5826841e-05  -5.6790516e-05 
  3.7352744e-05  -4.1171499e-05  -4.5190079e-05 
mode:  161 freq= 1460.2600 
 -2.1106887e-05  -2.0979154e-04   2.8126503e-06 
 -1.8064481e-04   4.0476764e-04   8.7851174e-05 
 -1.1840378e-04   1.3816465e-04   1.2747016e-04 
mode:  162 freq= 1467.5300 
  1.6476160e-04  -8.9853279e-05   3.4078178e-04 
 -1.7804685e-05   1.7101297e-04  -2.4251278e-04 
  1.7418788e-04  -1.6769299e-04  -4.1223683e-05 
mode:  163 freq= 1469.1000 
 -2.0182287e-04   5.6893129e-04  -1.0377512e-04 
  5.2583632e-04  -4.3973156e-04  -6.2426673e-05 
 -1.1612803e-04  -5.0109237e-05  -9.3751620e-05 
mode:  164 freq= 1476.6500 
 -5.9208177e-05   2.7643364e-04  -1.7743037e-04 
  1.5633037e-04  -2.4128342e-04   5.6440013e-05 
 -1.1714932e-04  -5.9031228e-06   5.0041689e-05 
mode:  165 freq= 1480.7800 
  2.5939825e-04   5.6705618e-05  -3.4181739e-04 
 -9.3152769e-06   1.4552323e-04   1.5207787e-04 
 -2.5898834e-04   1.0190564e-04   3.6434673e-04 
mode:  166 freq= 1492.5100 
  6.4285891e-04  -8.2598262e-05  -7.8264934e-05 
 -1.6828203e-04   3.3958423e-04  -6.1269349e-06 
 -3.4029374e-05  -4.9104180e-05   2.1979995e-04 
mode:  167 freq= 1494.8800 
  5.7770137e-04  -1.4783742e-04  -2.0857511e-04 
 -1.7170631e-04   8.4601477e-05   7.3052206e-05 
 -2.3925337e-04   6.8779908e-05   5.6552118e-05 
mode:  168 freq= 1498.2500 
 -5.5457206e-04  -1.0941921e-04  -1.4177260e-04 
 -2.3418067e-05   6.3531924e-05   7.3642232e-05 
 -1.3866047e-04   9.8247671e-05  -1.4512631e-05 
mode:  169 freq= 1504.2600 
 -3.3363285e-04  -1.6831104e-04  -1.5091282e-04 
 -1.4402566e-04   3.1442981e-04   7.9194171e-05 
 -6.0114181e-05   5.3154478e-05   2.4382462e-04 
mode:  170 freq= 1508.6500 
 -3.1257969e-04  -1.2580034e-04  -4.0678864e-04 
 -1.3500665e-04   6.1492394e-05   1.9717218e-04 
 -3.2306629e-04   1.7010444e-04   1.1451257e-04 
mode:  171 freq= 1510.7700 
  4.0218046e-04   8.1688164e-07   7.7153319e-05 
 -5.6328774e-05  -2.3639367e-04   1.1301275e-06 
  1.1408981e-04  -2.1595367e-05  -1.9233659e-04 
mode:  172 freq= 1525.9300 
  1.0231037e-03  -6.0537706e-04  -3.2320110e-04 
 -6.0020398e-04   2.3837487e-04   2.5895038e-04 
 -2.7154886e-04   2.3898434e-04   9.0742286e-05 
mode:  173 freq= 1556.1800 
  6.2445269e-04  -2.4942456e-04   1.9932274e-05 
 -2.6577350e-04   8.8677704e-05   2.1502680e-05 
 -1.6192817e-05   4.2244605e-05   5.2137741e-05 
mode:  174 freq= 1584.9100 
  5.9322303e-04   3.0912466e-05   4.3579633e-04 
  1.7576519e-04   4.8906194e-05  -2.3291859e-04 
  3.3595138e-05  -2.7294261e-05  -3.1989881e-04 
mode:  175 freq= 1586.4200 
 -4.4257286e-04   6.5428140e-04  -9.6794233e-04 
  5.0876696e-04  -8.7242007e-04   3.6481141e-04 
 -5.5427377e-04   1.5714180e-04   7.2141445e-04 
mode:  176 freq= 1597.4700 
  6.1600411e-04   4.0906913e-04  -2.5140015e-04 
  4.6320893e-04  -1.7334682e-04   2.1124466e-05 
 -4.9914688e-04   1.4228985e-04   3.4232888e-04 
mode:  177 freq= 1603.5100 
  8.4543443e-04   2.4611540e-04  -1.4344776e-03 
  1.1469878e-04  -1.0800610e-03   6.7814606e-04 
 -1.2766494e-03   5.7411951e-04   6.6746940e-04 
mode:  178 freq= 1605.6200 
  9.7094422e-04  -1.3230194e-04  -7.7864330e-06 
 -1.2535972e-04  -2.4309643e-04  -1.7614305e-04 
 -3.1792771e-04  -6.1633425e-05  -5.4005365e-04 
mode:  179 freq= 1611.5300 
  1.9512420e-04  -4.0143242e-04   1.1906039e-03 
 -3.0840383e-04   9.2411352e-04  -7.2937077e-04 
  1.0469763e-03  -6.4935810e-04  -7.0103857e-04 
mode:  180 freq= 1614.8000 
  5.8901385e-04  -7.8512240e-05  -9.3077053e-04 
 -2.7630741e-04  -4.2146370e-04   4.8656590e-04 
 -6.8021444e-04   3.3494484e-04  -1.0924512e-04 
mode:  181 freq= 1615.2900 
  8.6276629e-04  -2.0486554e-04   5.5472816e-05 
 -2.8351818e-04  -2.1498324e-04  -2.0809160e-04 
 -9.6580007e-06  -2.0949166e-04  -3.1640196e-04 
mode:  182 freq= 3101.7200 
  4.3672070e-04  -1.5435654e-04  -1.1401466e-04 
 -1.5935131e-04  -1.2138600e-04  -1.5441977e-05 
 -1.5370836e-04  -9.5662261e-06  -1.3526923e-04 
mode:  183 freq= 3103.5400 
  2.2794124e-04  -3.8038148e-04  -2.4743077e-04 
 -2.2615575e-04   4.0103370e-06   1.3783012e-04 
 -1.4661442e-04   1.3628220e-04  -7.3432117e-05 
mode:  184 freq= 3105.4800 
 -4.1914838e-04  -2.8817434e-05   2.1532583e-04 
 -1.3109792e-06   5.6076211e-05   1.6475247e-06 
  2.2283487e-04  -1.7865262e-06   4.7043593e-06 
mode:  185 freq= 3138.7600 
  2.9348707e-04  -4.6063011e-05   6.7069382e-05 
 -1.6065390e-04  -1.7657837e-04  -3.3940163e-05 
 -2.4439736e-05  -2.8850151e-05  -2.0532532e-04 
mode:  186 freq= 3138.9700 
 -2.4476917e-04  -1.6864801e-05  -3.1081987e-04 
 -2.6048553e-05   6.0405064e-04   1.8302593e-04 
 -1.6835745e-04   1.1225035e-04   4.8351081e-04 
mode:  187 freq= 3140.2400 
 -6.4778804e-04  -5.8185003e-05   2.7269243e-04 
 -1.0448562e-04  -3.9994875e-04   5.3013717e-05 
  1.5078682e-04   9.9016852e-05   7.7381773e-06 
mode:  188 freq= 3140.4200 
 -6.4067050e-04   1.2841599e-04  -5.0891209e-04 
  1.3485412e-05   5.6794097e-04   3.0627607e-04 
 -4.0794109e-04   2.2600075e-04   6.9963524e-04 
mode:  189 freq= 3141.6500 
 -3.7625215e-04   6.5587346e-04  -4.5002725e-04 
  4.7541441e-04  -5.2165548e-05   1.1112980e-04 
 -3.6023591e-04   3.7321879e-05   7.1195398e-04 
mode:  190 freq= 3627.2500 
  2.9625213e-04   5.0848211e-04   3.4310472e-05 
  4.9488526e-04   7.6848348e-04  -1.3786536e-04 
  8.8057360e-06  -1.2766288e-04   9.8062864e-04 
mode:  191 freq= 3631.4100 
  6.5004840e-04  -5.9161204e-04   6.8291969e-04 
 -4.2976180e-04  -2.2979251e-04  -2.5633050e-04 
  5.3594769e-04  -1.7190119e-04  -9.2982776e-04 
mode:  192 freq= 3632.1800 
  9.2005540e-04  -6.4071138e-04  -1.3934570e-03 
 -6.0456200e-04   1.2080558e-03   5.6902264e-04 
 -1.3031535e-03   5.4657143e-04   9.1155326e-04 
mode:  193 freq= 3634.7900 
  1.1749493e-05  -9.4324638e-04   5.5418412e-05 
 -9.5458964e-04   7.1325770e-04   3.7184044e-04 
  1.5007889e-04   3.4650057e-04   1.4289026e-04 
mode:  194 freq= 3635.0500 
  8.1486657e-05  -3.7121815e-04   1.9836998e-04 
 -3.9064574e-04   2.4695544e-04   7.2950392e-05 
  1.9652216e-04   8.2009068e-05   2.7719428e-05 
mode:  195 freq= 3683.0600 
  4.9315205e-04   7.2857365e-04  -3.8579343e-04 
  5.2628558e-04  -7.8775738e-04   1.5980967e-04 
 -4.2327058e-04   1.1809650e-04   2.3845338e-04 
mode:  196 freq= 3683.8200 
 -4.1056987e-04  -6.8649117e-05  -6.4280119e-04 
  4.8790486e-05  -5.8289739e-04   1.0099351e-04 
 -5.2058255e-04   6.9583769e-05  -3.9880280e-04 
mode:  197 freq= 3704.8100 
 -3.1999239e-04  -2.4728615e-05  -6.5937137e-04 
  3.2265447e-05  -5.3352280e-04   1.6839985e-04 
 -5.6001516e-04   1.3691049e-04  -3.0095615e-04 
